0 21128440 4 0 e790f4ea76270d5e08f221b891cbfdc8
51952 21128448 4 0 85f65be891e924b3567e97c1cc0fd896
86313 21128456 4 0 1773b70df9dbadbf0c2aaa4fc577b657
121047 21128464 4 0 54d78c17a0507e0c876ec805845b23a8
155438 21128472 4 0 5e5b2103c5166922cec2d1bc15f992ef
188331 21128480 4 0 9c57c6293c4a6f9653e4c254255d912c
221648 21128488 4 0 132e29a8045e5b233f672396321c346e
256154 21128496 4 0 4f8636339e3fc3b57c782a15fe420472
289191 21128504 4 0 53250b030464728fe2a5ee6265b554bc
322623 21128512 4 0 fe95405a6e3f0831c863c225a989ebe3
