0 21128440 4 0 e790f4ea76270d5e08f221b891cbfdc8
51952 21128448 4 0 85f65be891e924b3567e97c1cc0fd896
86313 21128456 4 0 1773b70df9dbadbf0c2aaa4fc577b657
121047 21128464 4 0 54d78c17a0507e0c876ec805845b23a8
155438 21128472 4 0 5e5b2103c5166922cec2d1bc15f992ef
188331 21128480 4 0 9c57c6293c4a6f9653e4c254255d912c
221648 21128488 4 0 132e29a8045e5b233f672396321c346e
256154 21128496 4 0 4f8636339e3fc3b57c782a15fe420472
289191 21128504 4 0 53250b030464728fe2a5ee6265b554bc
322623 21128512 4 0 fe95405a6e3f0831c863c225a989ebe3
355751 21128520 4 0 479dbf0dd11c1ba191aa2700d4969aaa
391417 21128528 4 0 1c7de5ebc6b5aea6a46b8b01299b1b8f
424689 21128536 4 0 55b4f82ff65b49e76dbbbb9c3b0d4d3d
457763 21128544 4 0 5d00702a15ba5ec5c8f75a03a6ca2a39
491992 21128552 4 0 e02881c399debfba3d6dd2b7b0c1df2d
525213 21128560 4 0 60f2a4aa839ac47f6a4320c4524fd134
564756 21128568 4 0 2a813e5b764d8c83b3c028f2a9c03f93
600461 21128576 4 0 23bd877ee6349d66d9504080fa68449f
633944 21128584 4 0 1581d364ec2e18b2b9cb35d5e7b5341c
678708 21128592 4 0 adc78a8a29e6427d8d89b6d99e499ce1
712140 21128600 4 0 f17606931c478395f0321c0047d1e44d
745574 21128608 4 0 5cd700c53931effcea310b7ae043c797
785066 21128616 4 0 1e642a750075209bea9236b6f1360db4
825204 21128624 4 0 0968475c41a96cd13129c2942c588d38
880843 21128632 4 0 afe434a71b51dbb6b88f24f195f7d32c
914946 21128640 4 0 87af70cdde60b496cddea42cc529d877
949030 21128648 4 0 acfeeb8b836351d6d783b18b80c82add
982847 21128656 4 0 13a4c6e4d23730e7ee9e08d5f270122d
1016874 21128664 4 0 47c3945da35d7694034c8e9e52550fc7
1063226 21128672 4 0 93dedeb78b5c6a89d85f9e2e062da3ce
1097515 21128680 4 0 8fc8b79ffa3a42bc004f6d33ba37491a
1131491 21128688 4 0 55ee605025d0a39220c7d8a430a5976b
1165617 21128696 4 0 e759532876dd18310cdf0dc20c59c120
1198411 21128704 4 0 9bbf7e90c017207e305620cde14b5f85
1231226 21128712 4 0 f64189881d6b9e2d4a6700c01c1f0fef
15608047 21128720 4 0 b1ce21d355f5501163e4a6de4a7de302
4373035659 21332048 4 0 59927ad7771bbe2fa9f00f48d18097a4
5283472478 15974688 4 0 3f1083e3ce7aecdba8ca33265afeb6d2
5283542851 515336 4 0 fd632022c6efc26c15d05a0e05b92e32
5285704938 122728 4 0 085b84d3d9da9a062b98a8f80ea81238
5285740556 122736 4 0 839f6bf8330b9940fc7cf96fcb630501
5285775233 122744 4 0 6194b3940e215dc7a874056c4f6d124f
5285808478 122752 4 0 6019cc4d59398bfec610875037b01bac
5285841877 122760 4 0 8d36d366a975d76c9c4e76a3230ada42
5285875224 122768 4 0 72c1fed85f6f770ba006a0ccf12ae408
5285908529 122776 4 0 ea711fd4189d0e80bdff22ba5e6bc7ba
5285941765 122784 4 0 66f82396ba07541cf3a84593a4f9c062
5285975113 122792 4 0 4ba9887db9d1dbae3aa8a5bf45db4089
5286008400 122800 4 0 8245937544377d746e277ec17c9ba93e
5286044935 122808 4 0 37109dbca624557de66e98e0caa319ed
5286077916 122816 4 0 9aaa170b8db1fc6cc554c2f85424f03b
5286111064 122824 4 0 e32621e41fe563a775c1c929d0989fd4
5286144144 122832 4 0 7e876a4aaded7c44fcd3e0f1528243d8
5286419455 122840 4 0 479c241be1f8a19ae69e4b5ca869b058
5286453422 122848 4 0 1de0b3438645d58d277083e9dd398048
5286487503 122856 4 0 549f20bff35bc14c32c7821de9dd061a
5286521061 122864 4 0 44ad6b0bb1f4ae3aec7b19291d64f861
5286555602 122872 4 0 6a553b9d233e151225168809f8c36eeb
5286590814 122880 4 0 c9d8a783cc58128b39acf118cb52faf3
5286623662 122888 4 0 f3d85e5825e93b159890407df44f5116
5286656685 122896 4 0 d1fee33938824cd16997c4746cdfd743
5286701987 122904 4 0 b429695f8600f0a38411f28fc64371c0
5286734958 122912 4 0 eb0865a02c1ef4a861423a0e8365889b
5286780443 122920 4 0 97782ce7e0bf3d390dd78df3ba9a798d
5286818049 122928 4 0 434273dd14f2477d2e3ac49e456757e7
5286851634 122936 4 0 2f02350bcd204881e4a056c3dca335d8
5286885039 122944 4 0 2ee99baaad56c0b7b0c93cbd9f6fd823
5286918320 122952 4 0 fab4a832b77cf59f205d3aa0ffa0bb0e
5286954161 122960 4 0 ef110195ebf2f2cceb28008bcc2bfc3d
5286987544 122968 4 0 57390c9dea3b70fdec8a101ac9c29ef0
5287020852 122976 4 0 67d19a45c196538c586365eadb22b9fd
5287053772 122984 4 0 fdd04d87f8cfcc278f619265fedd3d01
5287086494 122992 4 0 1d73c24280b5c3feae5f2e8e26d8f78f
5287119625 123000 4 0 4f389bebd07308f7dc045a63da16d1e7
5287152452 123008 4 0 d3d9f88b7778d8100992d514adc4afc4
5287185429 123016 4 0 f684f5414a096d8cc5066e19fcba3d8a
5287218272 123024 4 0 67ceace1f225560d608aa548950f84c9
5287251219 123032 4 0 03b806dff428021d85e21a443e965d08
5287284205 123040 4 0 07b377d86d21b59ba9863058366e5253
5287317123 123048 4 0 80700065d418a3097842c622027e4f3b
5287349871 123056 4 0 01a878e2e7db269096ea6cc9852fbe04
5287382623 123064 4 0 ccfc6f67bffec28454c3a0f937a8c0c2
5287423919 123072 4 0 b3527a37986cfe55a0975f7def398d01
5287459342 123080 4 0 556ee9ecb8489dc5309aefa5b877e255
5287492888 123088 4 0 bf7cd15fbe4a5d3eb4fcd629fbe19311
5287526367 123096 4 0 2be41775140471732332c8333270833d
5287566716 123104 4 0 428f61c34ab9b78fb9fc3ea0ab2c4e94
5287600091 123112 4 0 86c671cf5ea65d9300a73fcddc8a4c3c
5287633384 123120 4 0 123bdf0443812d4dc93af8b355890951
5287666737 123128 4 0 39aed9a87f3b526f8a83471461b83e9e
5287700433 123136 4 0 3793652ba521fb301ba90d7d293626da
5287734142 123152 4 0 41ebeaa2b127cb5beaeccef3778f8ad8
5287782527 123160 4 0 f7e83a4d4fe0a40a14791b5cd57196c4
5287821312 123168 4 0 71a29f26790ae8b22fad4ad3c50f4f1d
5287854280 123176 4 0 11815ec745eac56dd7ab6f4f4eb899bb
5287891910 123184 4 0 2ded6ecec09950f0568bfec4c447afb1
5287924587 123192 4 0 cc14e0ea7c47be92741d341a17c81bc8
5287957393 123200 4 0 b9aae374e1520cccdf1dd4dbcfe5c4c1
5287990545 123208 4 0 891e0c07c396a6e0aebd4203350745a9
5288023291 123216 4 0 85b567b0e2252ead984ee431aee461cf
